0.643448,0.303446,-0.702763,0,0.657371,-0.689426,0.304199,0,-0.392203,-0.657725,-0.643098,0,0.351488,-0.13534,0.684259,1
0.500705,0.0493931,-0.864196,0,0.405712,-0.8953,0.183894,0,-0.764646,-0.4427,-0.468329,0,0.35488,-0.288246,0.676086,1
0.567004,0.13738,-0.812166,0,0.750193,-0.493284,0.440298,0,-0.340147,-0.858948,-0.382763,0,0.280094,-0.124096,0.697007,1
0.313494,-0.0584444,-0.94778,0,0.15369,-0.981812,0.111378,0,-0.937069,-0.180584,-0.298816,0,0.333965,-0.377431,0.552467,1
0.658677,-0.0331451,-0.751683,0,0.296442,-0.906783,0.299747,0,-0.691562,-0.420275,-0.587462,0,0.346519,-0.390287,0.702725,1
